set <- c(0,18,40,55,64,75,84,93,101,109,116,125,133,142,149,157,164,173,178,186,192,197,200)