set <- c(0,23,36,48,56,66,77,86,93,102,110,123,134,137,144,150,158,170,173,188,194,196,200)